UC_AGENT_BASED
messagesSent
DSA-SDP
median
(1, 26779)
(2, 25027)
(3, 24353)
(4, 23976)
(5, 23625)
(6, 23311)
(7, 23260)
(8, 23094)
(9, 23019)
(10, 22974)
(11, 22881)
(12, 22838)
(13, 22778)
(14, 22752)
(15, 22733)
(16, 22686)
(17, 22658)
(18, 22669)
(19, 22613)
(20, 22609)
confidence interval upper bound
(1, 27114)
(2, 25244)
(3, 24558)
(4, 24164)
(5, 23768)
(6, 23504)
(7, 23354)
(8, 23192)
(9, 23112)
(10, 23060)
(11, 22924)
(12, 22946)
(13, 22836)
(14, 22836)
(15, 22800)
(16, 22744)
(17, 22714)
(18, 22706)
(19, 22644)
(20, 22646)
confidence interval lower bound
(1, 26452)
(2, 24864)
(3, 24202)
(4, 23732)
(5, 23508)
(6, 23230)
(7, 23176)
(8, 23000)
(9, 22978)
(10, 22882)
(11, 22802)
(12, 22760)
(13, 22728)
(14, 22714)
(15, 22690)
(16, 22650)
(17, 22632)
(18, 22620)
(19, 22586)
(20, 22580)
CTS
median
(1, 563)
(2, 454)
(3, 474)
(4, 488)
(5, 512)
(6, 521)
(7, 525)
(8, 539)
(9, 548)
(10, 553)
(11, 550)
(12, 548)
(13, 550)
(14, 558)
(15, 570)
(16, 568)
(17, 566)
(18, 554)
(19, 556)
(20, 548)
confidence interval upper bound
(1, 592)
(2, 466)
(3, 492)
(4, 508)
(5, 538)
(6, 542)
(7, 548)
(8, 556)
(9, 564)
(10, 566)
(11, 564)
(12, 570)
(13, 562)
(14, 568)
(15, 582)
(16, 582)
(17, 588)
(18, 586)
(19, 588)
(20, 568)
confidence interval lower bound
(1, 544)
(2, 448)
(3, 462)
(4, 476)
(5, 494)
(6, 512)
(7, 504)
(8, 532)
(9, 536)
(10, 534)
(11, 536)
(12, 534)
(13, 524)
(14, 548)
(15, 544)
(16, 544)
(17, 548)
(18, 542)
(19, 514)
(20, 498)
networkLoad
DSA-SDP
median
(1, 214232)
(2, 200216)
(3, 194824)
(4, 191808)
(5, 189000)
(6, 186488)
(7, 186080)
(8, 184752)
(9, 184152)
(10, 183792)
(11, 183048)
(12, 182704)
(13, 182224)
(14, 182016)
(15, 181864)
(16, 181488)
(17, 181264)
(18, 181352)
(19, 180904)
(20, 180872)
confidence interval upper bound
(1, 216912)
(2, 201952)
(3, 196464)
(4, 193312)
(5, 190144)
(6, 188032)
(7, 186832)
(8, 185536)
(9, 184896)
(10, 184480)
(11, 183392)
(12, 183568)
(13, 182688)
(14, 182688)
(15, 182400)
(16, 181952)
(17, 181712)
(18, 181648)
(19, 181152)
(20, 181168)
confidence interval lower bound
(1, 211616)
(2, 198912)
(3, 193616)
(4, 189856)
(5, 188064)
(6, 185840)
(7, 185408)
(8, 184000)
(9, 183824)
(10, 183056)
(11, 182416)
(12, 182080)
(13, 181824)
(14, 181712)
(15, 181520)
(16, 181200)
(17, 181056)
(18, 180960)
(19, 180688)
(20, 180640)
CTS
median
(1, 216419)
(2, 235287)
(3, 255317)
(4, 266429)
(5, 282801)
(6, 293962)
(7, 290749)
(8, 309575)
(9, 311495)
(10, 315481)
(11, 311211)
(12, 318543)
(13, 316640)
(14, 325169)
(15, 330166)
(16, 331001)
(17, 332812)
(18, 326864)
(19, 326751)
(20, 319312)
confidence interval upper bound
(1, 218709)
(2, 245718)
(3, 264192)
(4, 278351)
(5, 299829)
(6, 303505)
(7, 309464)
(8, 316934)
(9, 321734)
(10, 325436)
(11, 324027)
(12, 332702)
(13, 331020)
(14, 332951)
(15, 345372)
(16, 344474)
(17, 343545)
(18, 342422)
(19, 341485)
(20, 334555)
confidence interval lower bound
(1, 214780)
(2, 230392)
(3, 249382)
(4, 259390)
(5, 272411)
(6, 284212)
(7, 281287)
(8, 301943)
(9, 300523)
(10, 303679)
(11, 301075)
(12, 307790)
(13, 301955)
(14, 314317)
(15, 318505)
(16, 317090)
(17, 314520)
(18, 311548)
(19, 304745)
(20, 292671)
NCCCs
DSA-SDP
median
(1, 25238)
(2, 23755)
(3, 22106)
(4, 21823)
(5, 21595)
(6, 22159)
(7, 21654)
(8, 21897)
(9, 21366)
(10, 22173)
(11, 21228)
(12, 19989)
(13, 18623)
(14, 20258)
(15, 19675)
(16, 19632)
(17, 23118)
(18, 20246)
(19, 19541)
(20, 17411)
confidence interval upper bound
(1, 26424)
(2, 25065)
(3, 24000)
(4, 24023)
(5, 23702)
(6, 23634)
(7, 23609)
(8, 22824)
(9, 25236)
(10, 25260)
(11, 22968)
(12, 22966)
(13, 22100)
(14, 24230)
(15, 24089)
(16, 23029)
(17, 25553)
(18, 24804)
(19, 21872)
(20, 22771)
confidence interval lower bound
(1, 23943)
(2, 22720)
(3, 21078)
(4, 20236)
(5, 20068)
(6, 20608)
(7, 18994)
(8, 19967)
(9, 18003)
(10, 19525)
(11, 17965)
(12, 17136)
(13, 16784)
(14, 18458)
(15, 16775)
(16, 17587)
(17, 18849)
(18, 17140)
(19, 16326)
(20, 14541)
CTS
median
(1, 281)
(2, 227)
(3, 237)
(4, 244)
(5, 256)
(6, 260)
(7, 262)
(8, 269)
(9, 274)
(10, 276)
(11, 275)
(12, 274)
(13, 275)
(14, 279)
(15, 285)
(16, 284)
(17, 283)
(18, 277)
(19, 278)
(20, 274)
confidence interval upper bound
(1, 296)
(2, 233)
(3, 246)
(4, 254)
(5, 269)
(6, 271)
(7, 274)
(8, 278)
(9, 282)
(10, 283)
(11, 282)
(12, 285)
(13, 281)
(14, 284)
(15, 291)
(16, 291)
(17, 294)
(18, 293)
(19, 294)
(20, 284)
confidence interval lower bound
(1, 272)
(2, 224)
(3, 231)
(4, 238)
(5, 247)
(6, 256)
(7, 252)
(8, 266)
(9, 268)
(10, 267)
(11, 268)
(12, 267)
(13, 262)
(14, 274)
(15, 272)
(16, 272)
(17, 274)
(18, 271)
(19, 257)
(20, 249)
percentageOfVisitedNodes
DSA-SDP
median
(1, 58)
(2, 35)
(3, 26)
(4, 21)
(5, 17)
(6, 15)
(7, 13)
(8, 11)
(9, 10)
(10, 9)
(11, 9)
(12, 8)
(13, 7)
(14, 7)
(15, 7)
(16, 6)
(17, 6)
(18, 5)
(19, 5)
(20, 4)
confidence interval upper bound
(1, 60)
(2, 38)
(3, 27)
(4, 22)
(5, 18)
(6, 16)
(7, 14)
(8, 13)
(9, 11)
(10, 10)
(11, 9)
(12, 9)
(13, 8)
(14, 7)
(15, 7)
(16, 7)
(17, 6)
(18, 6)
(19, 5)
(20, 5)
confidence interval lower bound
(1, 57)
(2, 34)
(3, 25)
(4, 20)
(5, 16)
(6, 14)
(7, 12)
(8, 11)
(9, 10)
(10, 9)
(11, 8)
(12, 7)
(13, 7)
(14, 6)
(15, 6)
(16, 6)
(17, 5)
(18, 4)
(19, 4)
(20, 4)
CTS
median
(1, 98)
(2, 49)
(3, 36)
(4, 28)
(5, 23)
(6, 20)
(7, 17)
(8, 16)
(9, 14)
(10, 13)
(11, 11)
(12, 11)
(13, 10)
(14, 9)
(15, 9)
(16, 8)
(17, 8)
(18, 7)
(19, 7)
(20, 6)
confidence interval upper bound
(1, 98)
(2, 52)
(3, 37)
(4, 29)
(5, 25)
(6, 21)
(7, 18)
(8, 16)
(9, 14)
(10, 13)
(11, 12)
(12, 11)
(13, 10)
(14, 9)
(15, 9)
(16, 8)
(17, 8)
(18, 7)
(19, 7)
(20, 7)
confidence interval lower bound
(1, 96)
(2, 49)
(3, 35)
(4, 27)
(5, 22)
(6, 19)
(7, 16)
(8, 15)
(9, 14)
(10, 12)
(11, 11)
(12, 10)
(13, 9)
(14, 9)
(15, 8)
(16, 8)
(17, 7)
(18, 7)
(19, 6)
(20, 6)
CPU time
DSA-SDP
median
(1, 832)
(2, 1494)
(3, 2147)
(4, 2784)
(5, 3418)
(6, 4030)
(7, 4808)
(8, 5418)
(9, 6036)
(10, 6648)
(11, 7248)
(12, 7891)
(13, 8417)
(14, 9082)
(15, 9688)
(16, 10207)
(17, 10854)
(18, 11432)
(19, 12030)
(20, 12590)
confidence interval upper bound
(1, 848)
(2, 1519)
(3, 2182)
(4, 2829)
(5, 3471)
(6, 4115)
(7, 4873)
(8, 5471)
(9, 6130)
(10, 6725)
(11, 7302)
(12, 7983)
(13, 8524)
(14, 9186)
(15, 9761)
(16, 10376)
(17, 11066)
(18, 11591)
(19, 12149)
(20, 12745)
confidence interval lower bound
(1, 817)
(2, 1474)
(3, 2113)
(4, 2744)
(5, 3370)
(6, 3966)
(7, 4729)
(8, 5353)
(9, 5968)
(10, 6580)
(11, 7175)
(12, 7745)
(13, 8358)
(14, 8992)
(15, 9582)
(16, 10144)
(17, 10773)
(18, 11325)
(19, 11905)
(20, 12431)
CTS
median
(1, 45)
(2, 142)
(3, 179)
(4, 225)
(5, 304)
(6, 343)
(7, 416)
(8, 442)
(9, 459)
(10, 464)
(11, 502)
(12, 528)
(13, 527)
(14, 559)
(15, 598)
(16, 569)
(17, 582)
(18, 587)
(19, 574)
(20, 579)
confidence interval upper bound
(1, 49)
(2, 162)
(3, 224)
(4, 290)
(5, 352)
(6, 391)
(7, 460)
(8, 497)
(9, 540)
(10, 540)
(11, 596)
(12, 588)
(13, 622)
(14, 633)
(15, 668)
(16, 660)
(17, 671)
(18, 666)
(19, 673)
(20, 695)
confidence interval lower bound
(1, 43)
(2, 121)
(3, 166)
(4, 197)
(5, 234)
(6, 290)
(7, 350)
(8, 396)
(9, 422)
(10, 424)
(11, 460)
(12, 455)
(13, 480)
(14, 515)
(15, 513)
(16, 517)
(17, 518)
(18, 469)
(19, 512)
(20, 452)
UC_NDCS
messagesSent
DSA-SDP
median
(1, 24484)
(2, 24557)
(3, 23562)
(4, 23300)
(5, 23217)
(6, 23146)
(7, 22957)
(8, 22921)
(9, 22867)
(10, 22833)
(11, 22812)
(12, 22740)
(13, 22757)
(14, 22629)
(15, 22670)
(16, 22607)
(17, 22610)
(18, 22635)
(19, 22637)
(20, 22580)
confidence interval upper bound
(1, 26288)
(2, 25086)
(3, 23934)
(4, 23880)
(5, 23498)
(6, 23390)
(7, 23124)
(8, 23090)
(9, 22988)
(10, 22934)
(11, 22956)
(12, 22894)
(13, 22854)
(14, 22712)
(15, 22746)
(16, 22704)
(17, 22674)
(18, 22686)
(19, 22694)
(20, 22628)
confidence interval lower bound
(1, 23710)
(2, 23862)
(3, 23126)
(4, 22974)
(5, 23008)
(6, 22994)
(7, 22752)
(8, 22750)
(9, 22726)
(10, 22712)
(11, 22766)
(12, 22638)
(13, 22656)
(14, 22572)
(15, 22628)
(16, 22550)
(17, 22570)
(18, 22574)
(19, 22566)
(20, 22522)
CTS
median
(1, 563)
(2, 467)
(3, 481)
(4, 503)
(5, 503)
(6, 518)
(7, 515)
(8, 542)
(9, 545)
(10, 549)
(11, 558)
(12, 569)
(13, 574)
(14, 562)
(15, 557)
(16, 573)
(17, 561)
(18, 569)
(19, 542)
(20, 525)
confidence interval upper bound
(1, 592)
(2, 492)
(3, 504)
(4, 528)
(5, 528)
(6, 542)
(7, 544)
(8, 570)
(9, 584)
(10, 582)
(11, 584)
(12, 602)
(13, 600)
(14, 602)
(15, 594)
(16, 606)
(17, 602)
(18, 610)
(19, 600)
(20, 590)
confidence interval lower bound
(1, 520)
(2, 452)
(3, 462)
(4, 478)
(5, 492)
(6, 502)
(7, 496)
(8, 524)
(9, 526)
(10, 518)
(11, 538)
(12, 546)
(13, 544)
(14, 546)
(15, 528)
(16, 536)
(17, 504)
(18, 516)
(19, 500)
(20, 474)
networkLoad
DSA-SDP
median
(1, 195872)
(2, 196456)
(3, 188496)
(4, 186400)
(5, 185736)
(6, 185168)
(7, 183656)
(8, 183368)
(9, 182936)
(10, 182664)
(11, 182496)
(12, 181920)
(13, 182056)
(14, 181032)
(15, 181360)
(16, 180856)
(17, 180880)
(18, 181080)
(19, 181096)
(20, 180640)
confidence interval upper bound
(1, 210304)
(2, 200688)
(3, 191472)
(4, 191040)
(5, 187984)
(6, 187120)
(7, 184992)
(8, 184720)
(9, 183904)
(10, 183472)
(11, 183648)
(12, 183152)
(13, 182832)
(14, 181696)
(15, 181968)
(16, 181632)
(17, 181392)
(18, 181488)
(19, 181552)
(20, 181024)
confidence interval lower bound
(1, 189680)
(2, 190896)
(3, 185008)
(4, 183792)
(5, 184064)
(6, 183952)
(7, 182016)
(8, 182000)
(9, 181808)
(10, 181696)
(11, 182128)
(12, 181104)
(13, 181248)
(14, 180576)
(15, 181024)
(16, 180400)
(17, 180560)
(18, 180592)
(19, 180528)
(20, 180176)
CTS
median
(1, 222801)
(2, 247894)
(3, 254139)
(4, 270307)
(5, 280947)
(6, 291407)
(7, 288006)
(8, 305693)
(9, 310794)
(10, 313406)
(11, 313373)
(12, 326425)
(13, 326639)
(14, 338478)
(15, 318734)
(16, 329091)
(17, 321401)
(18, 323262)
(19, 319769)
(20, 303318)
confidence interval upper bound
(1, 228119)
(2, 252667)
(3, 269327)
(4, 284791)
(5, 299307)
(6, 301809)
(7, 302735)
(8, 320408)
(9, 330885)
(10, 335618)
(11, 337882)
(12, 342096)
(13, 344432)
(14, 350644)
(15, 338607)
(16, 347958)
(17, 345876)
(18, 354729)
(19, 351471)
(20, 343735)
confidence interval lower bound
(1, 216585)
(2, 243908)
(3, 249794)
(4, 260845)
(5, 265890)
(6, 276185)
(7, 276634)
(8, 294189)
(9, 287807)
(10, 299324)
(11, 299430)
(12, 309467)
(13, 314986)
(14, 317125)
(15, 307339)
(16, 301756)
(17, 299673)
(18, 289383)
(19, 282006)
(20, 271000)
NCCCs
DSA-SDP
median
(1, 22227)
(2, 21328)
(3, 20071)
(4, 20070)
(5, 20016)
(6, 19322)
(7, 18158)
(8, 18416)
(9, 18101)
(10, 17558)
(11, 19279)
(12, 20149)
(13, 18465)
(14, 15993)
(15, 17357)
(16, 15791)
(17, 16899)
(18, 15673)
(19, 16497)
(20, 17056)
confidence interval upper bound
(1, 23910)
(2, 23302)
(3, 22199)
(4, 21955)
(5, 22618)
(6, 22172)
(7, 20177)
(8, 20761)
(9, 21036)
(10, 20502)
(11, 23522)
(12, 24209)
(13, 21734)
(14, 20284)
(15, 21311)
(16, 18910)
(17, 22115)
(18, 20330)
(19, 21149)
(20, 21235)
confidence interval lower bound
(1, 20792)
(2, 19358)
(3, 18804)
(4, 18599)
(5, 16862)
(6, 17128)
(7, 15817)
(8, 15579)
(9, 15439)
(10, 15436)
(11, 17540)
(12, 16964)
(13, 15076)
(14, 12282)
(15, 14593)
(16, 12806)
(17, 14006)
(18, 14573)
(19, 14432)
(20, 14063)
CTS
median
(1, 281)
(2, 233)
(3, 240)
(4, 251)
(5, 251)
(6, 259)
(7, 257)
(8, 271)
(9, 272)
(10, 274)
(11, 279)
(12, 284)
(13, 287)
(14, 281)
(15, 278)
(16, 286)
(17, 280)
(18, 284)
(19, 271)
(20, 262)
confidence interval upper bound
(1, 296)
(2, 246)
(3, 252)
(4, 264)
(5, 264)
(6, 271)
(7, 272)
(8, 285)
(9, 292)
(10, 291)
(11, 292)
(12, 301)
(13, 300)
(14, 301)
(15, 297)
(16, 303)
(17, 301)
(18, 305)
(19, 300)
(20, 295)
confidence interval lower bound
(1, 260)
(2, 226)
(3, 231)
(4, 239)
(5, 246)
(6, 251)
(7, 248)
(8, 262)
(9, 263)
(10, 259)
(11, 269)
(12, 273)
(13, 272)
(14, 273)
(15, 264)
(16, 268)
(17, 252)
(18, 258)
(19, 250)
(20, 237)
percentageOfVisitedNodes
DSA-SDP
median
(1, 50)
(2, 30)
(3, 22)
(4, 18)
(5, 14)
(6, 11)
(7, 10)
(8, 9)
(9, 8)
(10, 7)
(11, 7)
(12, 6)
(13, 6)
(14, 6)
(15, 5)
(16, 5)
(17, 4)
(18, 4)
(19, 4)
(20, 4)
confidence interval upper bound
(1, 54)
(2, 32)
(3, 24)
(4, 19)
(5, 15)
(6, 12)
(7, 11)
(8, 10)
(9, 9)
(10, 8)
(11, 7)
(12, 7)
(13, 6)
(14, 6)
(15, 5)
(16, 5)
(17, 5)
(18, 4)
(19, 4)
(20, 4)
confidence interval lower bound
(1, 46)
(2, 29)
(3, 21)
(4, 16)
(5, 13)
(6, 11)
(7, 10)
(8, 9)
(9, 8)
(10, 7)
(11, 6)
(12, 6)
(13, 6)
(14, 5)
(15, 5)
(16, 4)
(17, 4)
(18, 4)
(19, 3)
(20, 3)
CTS
median
(1, 99)
(2, 51)
(3, 34)
(4, 27)
(5, 23)
(6, 19)
(7, 16)
(8, 15)
(9, 13)
(10, 12)
(11, 11)
(12, 11)
(13, 10)
(14, 9)
(15, 8)
(16, 8)
(17, 7)
(18, 7)
(19, 6)
(20, 6)
confidence interval upper bound
(1, 100)
(2, 52)
(3, 36)
(4, 28)
(5, 24)
(6, 20)
(7, 17)
(8, 16)
(9, 14)
(10, 13)
(11, 12)
(12, 11)
(13, 10)
(14, 10)
(15, 9)
(16, 8)
(17, 8)
(18, 7)
(19, 7)
(20, 6)
confidence interval lower bound
(1, 98)
(2, 50)
(3, 34)
(4, 26)
(5, 21)
(6, 18)
(7, 16)
(8, 15)
(9, 13)
(10, 12)
(11, 11)
(12, 10)
(13, 9)
(14, 9)
(15, 8)
(16, 7)
(17, 7)
(18, 6)
(19, 6)
(20, 5)
CPU time
DSA-SDP
median
(1, 810)
(2, 1475)
(3, 2093)
(4, 2752)
(5, 3436)
(6, 4088)
(7, 4780)
(8, 5445)
(9, 6035)
(10, 6687)
(11, 7380)
(12, 7903)
(13, 8492)
(14, 9071)
(15, 9799)
(16, 10286)
(17, 10912)
(18, 11540)
(19, 12110)
(20, 12592)
confidence interval upper bound
(1, 847)
(2, 1522)
(3, 2143)
(4, 2848)
(5, 3487)
(6, 4151)
(7, 4878)
(8, 5586)
(9, 6140)
(10, 6834)
(11, 7531)
(12, 8088)
(13, 8591)
(14, 9206)
(15, 9886)
(16, 10458)
(17, 11050)
(18, 11701)
(19, 12285)
(20, 12813)
confidence interval lower bound
(1, 783)
(2, 1445)
(3, 2051)
(4, 2699)
(5, 3360)
(6, 4021)
(7, 4698)
(8, 5363)
(9, 5960)
(10, 6612)
(11, 7227)
(12, 7775)
(13, 8398)
(14, 8940)
(15, 9636)
(16, 10127)
(17, 10815)
(18, 11381)
(19, 11951)
(20, 12323)
CTS
median
(1, 70)
(2, 159)
(3, 220)
(4, 297)
(5, 313)
(6, 354)
(7, 447)
(8, 495)
(9, 523)
(10, 536)
(11, 554)
(12, 624)
(13, 579)
(14, 629)
(15, 631)
(16, 636)
(17, 670)
(18, 632)
(19, 578)
(20, 588)
confidence interval upper bound
(1, 114)
(2, 227)
(3, 287)
(4, 388)
(5, 389)
(6, 432)
(7, 535)
(8, 621)
(9, 616)
(10, 620)
(11, 634)
(12, 707)
(13, 701)
(14, 708)
(15, 743)
(16, 807)
(17, 758)
(18, 771)
(19, 731)
(20, 753)
confidence interval lower bound
(1, 58)
(2, 143)
(3, 188)
(4, 220)
(5, 266)
(6, 321)
(7, 393)
(8, 451)
(9, 450)
(10, 472)
(11, 456)
(12, 535)
(13, 517)
(14, 579)
(15, 560)
(16, 585)
(17, 546)
(18, 503)
(19, 493)
(20, 499)
